word	token	X	Y
airgead_ai1	1	3.558680e+02	2.461139e+02
airgead_ai1	1	3.648131e+02	2.451214e+02
airgead_ai1	1	3.755255e+02	2.419206e+02
airgead_ai1	1	3.844706e+02	2.409282e+02
airgead_ai1	1	3.940788e+02	2.368438e+02
airgead_ai1	1	4.047912e+02	2.336430e+02
airgead_ai1	1	4.166077e+02	2.313258e+02
airgead_ai1	1	4.275407e+02	2.301128e+02
airgead_ai1	1	4.384736e+02	2.288998e+02
airgead_ai1	1	4.486331e+02	2.297849e+02
airgead_ai1	1	4.617744e+02	2.303392e+02
airgead_ai1	1	4.730381e+02	2.321079e+02
airgead_ai1	1	4.835285e+02	2.359747e+02
airgead_ai1	1	4.941292e+02	2.408354e+02
airgead_ai1	1	5.039564e+02	2.477941e+02
airgead_ai1	1	5.127898e+02	2.548632e+02
airgead_ai1	1	5.216232e+02	2.619322e+02
airgead_ai1	1	5.322239e+02	2.667929e+02
airgead_Vai2	1	3.366516e+02	2.542827e+02
airgead_Vai2	1	3.464804e+02	2.521861e+02
airgead_Vai2	1	3.564194e+02	2.510834e+02
airgead_Vai2	1	3.654748e+02	2.510848e+02
airgead_Vai2	1	3.753035e+02	2.489882e+02
airgead_Vai2	1	3.851323e+02	2.468916e+02
airgead_Vai2	1	3.939671e+02	2.449053e+02
airgead_Vai2	1	4.046795e+02	2.417045e+02
airgead_Vai2	1	4.153919e+02	2.385037e+02
airgead_Vai2	1	4.262145e+02	2.362968e+02
airgead_Vai2	1	4.371474e+02	2.350838e+02
airgead_Vai2	1	4.481906e+02	2.348647e+02
airgead_Vai2	1	4.602277e+02	2.345353e+02
airgead_Vai2	1	4.702770e+02	2.344265e+02
airgead_Vai2	1	4.827552e+02	2.380727e+02
airgead_Vai2	1	4.941292e+02	2.408354e+02
airgead_Vai2	1	5.056134e+02	2.445919e+02
airgead_Vai2	1	5.152202e+02	2.495628e+02
airgead_Vai2	1	5.251577e+02	2.575155e+02
airgead_Vai2	1	5.322239e+02	2.667929e+02
airgead_ai1	2	2.370054e+02	3.069774e+02
airgead_ai1	2	2.421977e+02	3.011429e+02
airgead_ai1	2	2.482919e+02	2.983394e+02
airgead_ai1	2	2.544837e+02	2.925375e+02
airgead_ai1	2	2.606754e+02	2.867355e+02
airgead_ai1	2	2.668346e+02	2.819330e+02
airgead_ai1	2	2.729939e+02	2.771306e+02
airgead_ai1	2	2.801201e+02	2.733601e+02
airgead_ai1	2	2.862793e+02	2.685576e+02
airgead_ai1	2	2.934381e+02	2.637876e+02
airgead_ai1	2	3.006293e+02	2.580181e+02
airgead_ai1	2	3.077555e+02	2.542476e+02
airgead_ai1	2	3.168807e+02	2.505420e+02
airgead_ai1	2	3.250389e+02	2.458045e+02
airgead_ai1	2	3.331321e+02	2.430660e+02
airgead_ai1	2	3.422573e+02	2.393604e+02
airgead_ai1	2	3.512850e+02	2.386533e+02
airgead_ai1	2	3.613122e+02	2.379786e+02
airgead_ai1	2	3.703074e+02	2.382710e+02
airgead_ai1	2	3.803346e+02	2.375963e+02
airgead_ai1	2	3.903619e+02	2.369216e+02
airgead_ai1	2	4.014210e+02	2.352800e+02
airgead_ai1	2	4.114482e+02	2.346053e+02
airgead_ai1	2	4.234419e+02	2.349951e+02
airgead_ai1	2	4.344036e+02	2.363519e+02
airgead_ai1	2	4.443009e+02	2.396751e+02
airgead_ai1	2	4.531012e+02	2.459643e+02
airgead_ai1	2	4.629336e+02	2.512865e+02
airgead_ai1	2	4.717014e+02	2.585751e+02
airgead_ai1	2	4.795023e+02	2.648318e+02
airgead_ai1	2	4.872707e+02	2.720879e+02
airgead_ai1	2	4.950067e+02	2.803436e+02
airgead_Vai2	2	2.408734e+02	3.111052e+02
airgead_Vai2	2	2.460656e+02	3.052707e+02
airgead_Vai2	2	2.512254e+02	3.004358e+02
airgead_Vai2	2	2.563852e+02	2.956008e+02
airgead_Vai2	2	2.615774e+02	2.897664e+02
airgead_Vai2	2	2.668346e+02	2.819330e+02
airgead_Vai2	2	2.720918e+02	2.740997e+02
airgead_Vai2	2	2.782511e+02	2.692972e+02
airgead_Vai2	2	2.854098e+02	2.645272e+02
airgead_Vai2	2	2.935030e+02	2.617886e+02
airgead_Vai2	2	3.006293e+02	2.580181e+02
airgead_Vai2	2	3.087225e+02	2.552796e+02
airgead_Vai2	2	3.168482e+02	2.515415e+02
airgead_Vai2	2	3.249739e+02	2.478035e+02
airgead_Vai2	2	3.331321e+02	2.430660e+02
airgead_Vai2	2	3.422897e+02	2.383609e+02
airgead_Vai2	2	3.524144e+02	2.346879e+02
airgead_Vai2	2	3.614421e+02	2.339807e+02
airgead_Vai2	2	3.714693e+02	2.333061e+02
airgead_Vai2	2	3.804646e+02	2.335984e+02
airgead_Vai2	2	3.914588e+02	2.339557e+02
airgead_Vai2	2	4.014535e+02	2.342805e+02
airgead_Vai2	2	4.114482e+02	2.346053e+02
airgead_Vai2	2	4.234419e+02	2.349951e+02
airgead_Vai2	2	4.344036e+02	2.363519e+02
airgead_Vai2	2	4.443009e+02	2.396751e+02
airgead_Vai2	2	4.531012e+02	2.459643e+02
airgead_Vai2	2	4.619016e+02	2.522534e+02
airgead_Vai2	2	4.696375e+02	2.605091e+02
airgead_Vai2	2	4.763740e+02	2.687322e+02
airgead_Vai2	2	4.820785e+02	2.779224e+02
airgead_Vai2	2	4.858165e+02	2.860481e+02
airgead_ai1	3	2.449217e+02	2.931770e+02
airgead_ai1	3	2.518760e+02	2.871241e+02
airgead_ai1	3	2.588302e+02	2.810711e+02
airgead_ai1	3	2.657845e+02	2.750182e+02
airgead_ai1	3	2.727388e+02	2.689652e+02
airgead_ai1	3	2.796930e+02	2.629123e+02
airgead_ai1	3	2.886700e+02	2.598440e+02
airgead_ai1	3	2.976470e+02	2.567758e+02
airgead_ai1	3	3.056164e+02	2.527152e+02
airgead_ai1	3	3.135858e+02	2.486546e+02
airgead_ai1	3	3.225628e+02	2.455864e+02
airgead_ai1	3	3.305322e+02	2.415258e+02
airgead_ai1	3	3.394940e+02	2.364576e+02
airgead_ai1	3	3.484633e+02	2.323894e+02
airgead_ai1	3	3.584327e+02	2.283137e+02
airgead_ai1	3	3.674173e+02	2.262454e+02
airgead_ai1	3	3.783942e+02	2.231620e+02
airgead_ai1	3	3.883939e+02	2.230861e+02
airgead_ai1	3	3.973936e+02	2.230178e+02
airgead_ai1	3	4.083705e+02	2.199344e+02
airgead_ai1	3	4.203550e+02	2.178434e+02
airgead_ai1	3	4.313623e+02	2.187599e+02
airgead_ai1	3	4.413848e+02	2.216839e+02
airgead_ai1	3	4.523996e+02	2.236003e+02
airgead_ai1	3	4.624297e+02	2.275243e+02
airgead_ai1	3	4.734521e+02	2.304408e+02
airgead_ai1	3	4.814975e+02	2.363799e+02
airgead_ai1	3	4.905655e+02	2.453113e+02
airgead_ai1	3	4.976260e+02	2.532579e+02
airgead_ai1	3	5.026942e+02	2.622197e+02
airgead_ai1	3	5.067776e+02	2.731891e+02
airgead_ai1	3	5.108685e+02	2.851584e+02
airgead_Vai2	3	2.429066e+02	2.911923e+02
airgead_Vai2	3	2.498684e+02	2.861393e+02
airgead_Vai2	3	2.578227e+02	2.800787e+02
airgead_Vai2	3	2.657921e+02	2.760181e+02
airgead_Vai2	3	2.737463e+02	2.699576e+02
airgead_Vai2	3	2.796930e+02	2.629123e+02
airgead_Vai2	3	2.866397e+02	2.558593e+02
airgead_Vai2	3	2.925788e+02	2.478140e+02
airgead_Vai2	3	3.005254e+02	2.407535e+02
airgead_Vai2	3	3.094948e+02	2.366853e+02
airgead_Vai2	3	3.184566e+02	2.316172e+02
airgead_Vai2	3	3.274260e+02	2.275490e+02
airgead_Vai2	3	3.363954e+02	2.234808e+02
airgead_Vai2	3	3.473799e+02	2.213973e+02
airgead_Vai2	3	3.573568e+02	2.183215e+02
airgead_Vai2	3	3.673489e+02	2.172457e+02
airgead_Vai2	3	3.773335e+02	2.151698e+02
airgead_Vai2	3	3.883256e+02	2.140864e+02
airgead_Vai2	3	3.993177e+02	2.130029e+02
airgead_Vai2	3	4.103098e+02	2.119195e+02
airgead_Vai2	3	4.213094e+02	2.118360e+02
airgead_Vai2	3	4.323243e+02	2.137524e+02
airgead_Vai2	3	4.423620e+02	2.186764e+02
airgead_Vai2	3	4.523844e+02	2.216004e+02
airgead_Vai2	3	4.624297e+02	2.275243e+02
airgead_Vai2	3	4.714750e+02	2.334559e+02
airgead_Vai2	3	4.795279e+02	2.403949e+02
airgead_Vai2	3	4.875959e+02	2.493340e+02
airgead_Vai2	3	4.936641e+02	2.582882e+02
airgead_Vai2	3	4.997246e+02	2.662424e+02
airgead_Vai2	3	5.058003e+02	2.761966e+02
airgead_Vai2	3	5.108685e+02	2.851584e+02
