word	token	X	Y
balach_a2	1	2.927341e+02	2.853216e+02
balach_a2	1	3.024449e+02	2.800585e+02
balach_a2	1	3.113233e+02	2.753495e+02
balach_a2	1	3.188151e+02	2.703622e+02
balach_a2	1	3.274176e+02	2.634342e+02
balach_a2	1	3.365742e+02	2.573387e+02
balach_a2	1	3.451767e+02	2.504107e+02
balach_a2	1	3.537792e+02	2.434827e+02
balach_a2	1	3.643224e+02	2.376654e+02
balach_a2	1	3.743115e+02	2.310157e+02
balach_a2	1	3.856871e+02	2.246443e+02
balach_a2	1	3.967845e+02	2.196594e+02
balach_a2	1	4.084360e+02	2.155070e+02
balach_a2	1	4.220282e+02	2.124653e+02
balach_a2	1	4.347879e+02	2.099777e+02
balach_a2	1	4.467129e+02	2.116498e+02
balach_a2	1	4.583595e+02	2.147085e+02
balg_Va2	1	3.264750e+02	2.621039e+02
balg_Va2	1	3.371011e+02	2.603468e+02
balg_Va2	1	3.477271e+02	2.585896e+02
balg_Va2	1	3.578352e+02	2.559771e+02
balg_Va2	1	3.687988e+02	2.528466e+02
balg_Va2	1	3.806178e+02	2.491982e+02
balg_Va2	1	3.920993e+02	2.469232e+02
balg_Va2	1	4.047738e+02	2.427569e+02
balg_Va2	1	4.177858e+02	2.372173e+02
balg_Va2	1	4.313157e+02	2.325332e+02
balach_a2	2	2.419586e+02	2.970715e+02
balach_a2	2	2.474919e+02	2.915594e+02
balach_a2	2	2.538360e+02	2.881312e+02
balach_a2	2	2.602725e+02	2.837073e+02
balach_a2	2	2.667090e+02	2.792834e+02
balach_a2	2	2.731456e+02	2.748595e+02
balach_a2	2	2.795821e+02	2.704356e+02
balach_a2	2	2.861111e+02	2.650160e+02
balach_a2	2	2.926401e+02	2.595964e+02
balach_a2	2	2.992616e+02	2.531811e+02
balach_a2	2	3.058830e+02	2.467657e+02
balach_a2	2	3.133153e+02	2.424343e+02
balach_a2	2	3.210249e+02	2.351157e+02
balach_a2	2	3.316292e+02	2.290701e+02
balach_a2	2	3.401496e+02	2.238354e+02
balach_a2	2	3.505690e+02	2.197813e+02
balach_a2	2	3.597154e+02	2.186219e+02
balach_a2	2	3.719413e+02	2.167441e+02
balach_a2	2	3.820834e+02	2.156772e+02
balach_a2	2	3.933137e+02	2.137070e+02
balach_a2	2	4.042665e+02	2.147239e+02
balach_a2	2	4.163076e+02	2.148376e+02
balach_a2	2	4.259874e+02	2.187492e+02
balach_a2	2	4.355748e+02	2.236565e+02
balach_a2	2	4.439816e+02	2.304629e+02
balach_a2	2	4.522035e+02	2.392606e+02
balach_a2	2	4.583414e+02	2.488692e+02
balach_a2	2	4.655676e+02	2.575746e+02
balach_a2	2	4.718905e+02	2.651917e+02
balach_a2	2	4.770328e+02	2.747079e+02
balach_a2	2	4.823599e+02	2.822326e+02
balach_a2	2	4.895861e+02	2.909379e+02
balg_Va2	2	2.202339e+02	2.782978e+02
balg_Va2	2	2.272920e+02	2.703491e+02
balg_Va2	2	2.363282e+02	2.654149e+02
balg_Va2	2	2.443718e+02	2.594734e+02
balg_Va2	2	2.544007e+02	2.555464e+02
balg_Va2	2	2.644150e+02	2.536194e+02
balg_Va2	2	2.754293e+02	2.516996e+02
balg_Va2	2	2.844436e+02	2.497653e+02
balg_Va2	2	2.944580e+02	2.478383e+02
balg_Va2	2	3.034796e+02	2.449040e+02
balg_Va2	2	3.125012e+02	2.419697e+02
balg_Va2	2	3.195375e+02	2.370209e+02
balg_Va2	2	3.295883e+02	2.300940e+02
balg_Va2	2	3.386318e+02	2.241598e+02
balg_Va2	2	3.476607e+02	2.202255e+02
balg_Va2	2	3.586823e+02	2.173058e+02
balg_Va2	2	3.687039e+02	2.143788e+02
balg_Va2	2	3.797109e+02	2.134591e+02
balg_Va2	2	3.907179e+02	2.125393e+02
balg_Va2	2	4.017176e+02	2.126195e+02
balg_Va2	2	4.127100e+02	2.136997e+02
balg_Va2	2	4.236952e+02	2.157799e+02
balg_Va2	2	4.336584e+02	2.208527e+02
balg_Va2	2	4.426072e+02	2.279181e+02
balg_Va2	2	4.495486e+02	2.359689e+02
balg_Va2	2	4.584973e+02	2.430344e+02
balg_Va2	2	4.674606e+02	2.480999e+02
balg_Va2	2	4.774166e+02	2.541726e+02
balg_Va2	2	4.843727e+02	2.602235e+02
balg_Va2	2	4.923141e+02	2.682817e+02
balg_Va2	2	5.002629e+02	2.753398e+02
balg_Va2	2	5.102261e+02	2.804126e+02
balach_a2	3	2.763835e+02	2.333337e+02
balach_a2	3	2.845692e+02	2.290918e+02
balach_a2	3	2.933074e+02	2.261517e+02
balach_a2	3	3.024203e+02	2.222845e+02
balach_a2	3	3.117109e+02	2.206463e+02
balach_a2	3	3.206269e+02	2.199352e+02
balach_a2	3	3.300953e+02	2.205259e+02
balach_a2	3	3.401162e+02	2.224185e+02
balach_a2	3	3.492099e+02	2.239364e+02
balach_a2	3	3.579481e+02	2.209963e+02
balach_a2	3	3.653844e+02	2.186087e+02
balach_a2	3	3.763516e+02	2.154909e+02
balach_a2	3	3.869441e+02	2.133002e+02
balach_a2	3	3.973397e+02	2.142656e+02
balach_a2	3	4.068081e+02	2.148564e+02
balach_a2	3	4.168290e+02	2.167489e+02
balach_a2	3	4.277770e+02	2.190162e+02
balach_a2	3	4.370485e+02	2.227631e+02
balach_a2	3	4.463200e+02	2.265100e+02
balach_a2	3	4.555915e+02	2.302569e+02
balach_a2	3	4.641137e+02	2.358581e+02
balach_a2	3	4.722611e+02	2.423864e+02
balach_a2	3	4.800339e+02	2.498419e+02
balach_a2	3	4.868795e+02	2.569227e+02
balach_a2	3	4.926010e+02	2.667850e+02
balach_a2	3	4.972176e+02	2.740436e+02
balach_a2	3	5.036885e+02	2.820515e+02
balach_a2	3	5.094100e+02	2.919138e+02
balach_a2	3	5.132773e+02	3.010266e+02
balach_a2	3	5.167698e+02	3.110667e+02
balach_a2	3	5.206370e+02	3.201796e+02
balach_a2	3	5.248789e+02	3.283653e+02
balg_Va2	3	2.412939e+02	2.711106e+02
balg_Va2	3	2.477695e+02	2.624465e+02
balg_Va2	3	2.541375e+02	2.557794e+02
balg_Va2	3	2.654444e+02	2.503800e+02
balg_Va2	3	2.746466e+02	2.468700e+02
balg_Va2	3	2.856844e+02	2.464634e+02
balg_Va2	3	2.967761e+02	2.450581e+02
balg_Va2	3	3.068692e+02	2.435991e+02
balg_Va2	3	3.160176e+02	2.410877e+02
balg_Va2	3	3.252736e+02	2.365792e+02
balg_Va2	3	3.335849e+02	2.310183e+02
balg_Va2	3	3.418961e+02	2.254575e+02
balg_Va2	3	3.522583e+02	2.190057e+02
balg_Va2	3	3.624590e+02	2.155495e+02
balg_Va2	3	3.724983e+02	2.150890e+02
balg_Va2	3	3.835362e+02	2.146824e+02
balg_Va2	3	3.945203e+02	2.152742e+02
balg_Va2	3	4.045058e+02	2.158123e+02
balg_Va2	3	4.155436e+02	2.154056e+02
balg_Va2	3	4.264739e+02	2.169960e+02
balg_Va2	3	4.373504e+02	2.195850e+02
balg_Va2	3	4.460145e+02	2.260606e+02
balg_Va2	3	4.546248e+02	2.335347e+02
balg_Va2	3	4.622904e+02	2.399565e+02
balg_Va2	3	4.709007e+02	2.474306e+02
balg_Va2	3	4.785663e+02	2.538523e+02
balg_Va2	3	4.862318e+02	2.602741e+02
balg_Va2	3	4.938974e+02	2.666958e+02
balg_Va2	3	5.025615e+02	2.731714e+02
balg_Va2	3	5.092286e+02	2.795394e+02
balg_Va2	3	5.168403e+02	2.869597e+02
balg_Va2	3	5.245597e+02	2.923829e+02
