coli	1	514	526
coli	1	514	526
coli	1	522	518
coli	1	528	508
coli	1	534	498
coli	1	538	485
coli	1	544	473
coli	1	553	463
coli	1	559	450
coli	1	564	434
coli	1	572	416
coli	1	583	409
coli	1	593	399
coli	1	606	391
coli	1	618	383
coli	1	632	377
coli	1	646	376
coli	1	660	373
coli	1	674	374
coli	1	688	379
coli	1	702	384
coli	1	713	400
coli	1	723	417
coli	1	732	433
coli	1	742	442
coli	1	750	453
coli	1	760	460
coli	1	760	460
coli	1	760	460
coli	1	760	460
coli	1	760	460
coli	1	760	460
coli	2	512	522
coli	2	512	522
coli	2	519	511
coli	2	524	501
coli	2	532	492
coli	2	541	485
coli	2	551	480
coli	2	558	471
coli	2	564	458
coli	2	571	444
coli	2	579	433
coli	2	588	419
coli	2	598	409
coli	2	608	396
coli	2	621	387
coli	2	633	381
coli	2	647	377
coli	2	661	378
coli	2	674	379
coli	2	688	379
coli	2	702	385
coli	2	714	397
coli	2	726	405
coli	2	737	416
coli	2	746	427
coli	2	759	431
coli	2	769	439
coli	2	778	447
coli	2	778	447
coli	2	778	447
coli	2	778	447
coli	2	778	447
coli	3	509	534
coli	3	516	525
coli	3	523	517
coli	3	532	509
coli	3	540	502
coli	3	545	491
coli	3	552	482
coli	3	558	470
coli	3	564	456
coli	3	571	444
coli	3	579	429
coli	3	588	418
coli	3	599	409
coli	3	611	404
coli	3	623	398
coli	3	636	390
coli	3	648	386
coli	3	662	384
coli	3	676	389
coli	3	689	391
coli	3	702	394
coli	3	715	399
coli	3	726	409
coli	3	737	421
coli	3	748	426
coli	3	758	435
coli	3	768	444
coli	3	777	451
coli	3	788	457
coli	3	788	457
coli	3	788	457
coli	3	788	457
coli	4	511	516
coli	4	511	516
coli	4	518	507
coli	4	524	498
coli	4	530	487
coli	4	536	476
coli	4	542	464
coli	4	550	453
coli	4	558	443
coli	4	566	431
coli	4	575	421
coli	4	585	413
coli	4	597	406
coli	4	608	401
coli	4	620	397
coli	4	633	393
coli	4	646	390
coli	4	659	389
coli	4	671	387
coli	4	685	389
coli	4	697	396
coli	4	709	401
coli	4	721	408
coli	4	733	414
coli	4	744	416
coli	4	754	427
coli	4	763	438
coli	4	774	444
coli	4	784	451
coli	4	784	451
coli	4	784	451
coli	4	784	451
coli	5	507	528
coli	5	512	518
coli	5	521	510
coli	5	527	500
coli	5	532	488
coli	5	537	476
coli	5	542	461
coli	5	549	449
coli	5	557	438
coli	5	565	428
coli	5	577	421
coli	5	588	415
coli	5	600	409
coli	5	613	409
coli	5	624	404
coli	5	636	402
coli	5	649	402
coli	5	662	402
coli	5	674	402
coli	5	687	403
coli	5	699	406
coli	5	711	413
coli	5	723	416
coli	5	734	419
coli	5	746	426
coli	5	755	435
coli	5	766	441
coli	5	777	448
coli	5	784	457
coli	5	784	457
coli	5	784	457
coli	5	784	457
coli	6	515	519
coli	6	515	519
coli	6	523	511
coli	6	527	497
coli	6	531	485
coli	6	536	471
coli	6	544	461
coli	6	553	454
coli	6	562	445
coli	6	570	433
coli	6	580	425
coli	6	591	418
coli	6	603	413
coli	6	616	411
coli	6	627	408
coli	6	640	406
coli	6	652	409
coli	6	664	408
coli	6	677	407
coli	6	689	407
coli	6	701	412
coli	6	713	417
coli	6	723	426
coli	6	735	430
coli	6	747	432
coli	6	757	439
coli	6	766	450
coli	6	775	456
coli	6	784	464
coli	6	784	464
coli	6	784	464
coli	6	784	464
coli	7	506	525
coli	7	514	516
coli	7	521	508
coli	7	527	496
coli	7	531	483
coli	7	536	470
coli	7	542	458
coli	7	551	448
coli	7	559	437
coli	7	569	428
coli	7	580	421
coli	7	592	415
coli	7	603	411
coli	7	615	405
coli	7	628	404
coli	7	641	406
coli	7	653	409
coli	7	665	411
coli	7	678	411
coli	7	690	412
coli	7	702	413
coli	7	713	420
coli	7	723	428
coli	7	735	431
coli	7	747	432
coli	7	756	444
coli	7	767	448
coli	7	773	462
coli	7	780	472
coli	7	780	472
coli	7	780	472
coli	7	780	472
coli	8	499	515
coli	8	507	507
coli	8	513	496
coli	8	519	485
coli	8	520	468
coli	8	524	453
coli	8	528	437
coli	8	537	426
coli	8	548	417
coli	8	558	408
coli	8	569	402
coli	8	581	394
coli	8	594	392
coli	8	606	385
coli	8	620	385
coli	8	633	389
coli	8	646	390
coli	8	659	395
coli	8	672	398
coli	8	684	407
coli	8	696	412
coli	8	706	417
coli	8	718	423
coli	8	727	428
coli	8	738	435
coli	8	748	442
coli	8	756	453
coli	8	756	453
coli	8	756	453
coli	8	756	453
coli	8	756	453
coli	8	756	453
coli	9	502	519
coli	9	509	510
coli	9	515	499
coli	9	521	489
coli	9	522	472
coli	9	526	456
coli	9	532	441
coli	9	537	424
coli	9	547	414
coli	9	559	405
coli	9	569	397
coli	9	581	389
coli	9	594	384
coli	9	609	385
coli	9	622	386
coli	9	636	386
coli	9	649	389
coli	9	663	391
coli	9	676	401
coli	9	688	402
coli	9	698	417
coli	9	710	422
coli	9	721	427
coli	9	730	436
coli	9	740	443
coli	9	749	452
coli	9	756	466
coli	9	759	484
coli	9	759	484
coli	9	759	484
coli	9	759	484
coli	9	759	484
coli	10	514	524
coli	10	520	513
coli	10	528	504
coli	10	534	493
coli	10	538	481
coli	10	542	464
coli	10	547	450
coli	10	555	438
coli	10	565	428
coli	10	573	414
coli	10	580	396
coli	10	592	388
coli	10	605	384
coli	10	620	384
coli	10	634	387
coli	10	649	388
coli	10	662	391
coli	10	675	393
coli	10	688	394
coli	10	700	403
coli	10	713	405
coli	10	724	413
coli	10	736	424
coli	10	746	429
coli	10	756	438
coli	10	764	452
coli	10	769	468
coli	10	773	485
coli	10	773	485
coli	10	773	485
coli	10	773	485
coli	10	773	485
coli	11	511	509
coli	11	511	509
coli	11	516	497
coli	11	525	489
coli	11	530	478
coli	11	535	464
coli	11	539	447
coli	11	544	433
coli	11	551	419
coli	11	560	403
coli	11	568	389
coli	11	581	384
coli	11	594	380
coli	11	608	377
coli	11	622	377
coli	11	635	377
coli	11	649	378
coli	11	663	380
coli	11	676	380
coli	11	689	381
coli	11	702	383
coli	11	715	388
coli	11	728	394
coli	11	739	405
coli	11	747	421
coli	11	756	434
coli	11	765	443
coli	11	773	453
coli	11	773	453
coli	11	773	453
coli	11	773	453
coli	11	773	453
coli	12	511	527
coli	12	521	521
coli	12	529	513
coli	12	535	504
coli	12	541	493
coli	12	546	481
coli	12	550	468
coli	12	555	454
coli	12	558	433
coli	12	566	418
coli	12	574	405
coli	12	584	394
coli	12	596	386
coli	12	610	383
coli	12	624	380
coli	12	637	380
coli	12	651	383
coli	12	664	381
coli	12	678	381
coli	12	691	381
coli	12	705	384
coli	12	718	388
coli	12	731	391
coli	12	742	402
coli	12	750	422
coli	12	758	436
coli	12	767	448
coli	12	767	448
coli	12	767	448
coli	12	767	448
coli	12	767	448
coli	12	767	448
coli	13	508	504
coli	13	508	504
coli	13	514	493
coli	13	521	484
coli	13	529	475
coli	13	536	466
coli	13	544	457
coli	13	553	448
coli	13	561	437
coli	13	569	426
coli	13	573	403
coli	13	581	390
coli	13	592	378
coli	13	605	374
coli	13	619	372
coli	13	632	370
coli	13	646	369
coli	13	660	366
coli	13	672	364
coli	13	687	367
coli	13	700	369
coli	13	713	372
coli	13	726	379
coli	13	738	390
coli	13	745	411
coli	13	753	427
coli	13	764	432
coli	13	764	432
coli	13	764	432
coli	13	764	432
coli	13	764	432
coli	13	764	432
coli	14	524	520
coli	14	524	520
coli	14	532	512
coli	14	538	502
coli	14	545	493
coli	14	551	482
coli	14	560	474
coli	14	566	464
coli	14	574	454
coli	14	582	443
coli	14	591	435
coli	14	596	411
coli	14	605	399
coli	14	617	389
coli	14	628	379
coli	14	641	372
coli	14	655	369
coli	14	669	367
coli	14	683	368
coli	14	698	372
coli	14	710	378
coli	14	725	381
coli	14	737	386
coli	14	750	393
coli	14	757	416
coli	14	764	436
coli	14	772	447
coli	14	772	447
coli	14	772	447
coli	14	772	447
coli	14	772	447
coli	14	772	447
coli	15	528	526
coli	15	528	526
coli	15	536	519
coli	15	542	510
coli	15	548	502
coli	15	553	492
coli	15	559	482
coli	15	566	473
coli	15	571	461
coli	15	578	448
coli	15	584	433
coli	15	590	417
coli	15	600	406
coli	15	610	392
coli	15	621	379
coli	15	633	367
coli	15	646	362
coli	15	660	362
coli	15	674	361
coli	15	688	360
coli	15	703	365
coli	15	716	376
coli	15	728	383
coli	15	738	403
coli	15	746	420
coli	15	754	434
coli	15	760	449
coli	15	760	449
coli	15	760	449
coli	15	760	449
coli	15	760	449
coli	15	760	449
coli	16	533	533
coli	16	533	533
coli	16	540	526
coli	16	545	517
coli	16	552	509
coli	16	557	500
coli	16	562	489
coli	16	565	475
coli	16	570	462
coli	16	575	443
coli	16	579	422
coli	16	585	401
coli	16	593	381
coli	16	605	371
coli	16	619	369
coli	16	632	362
coli	16	646	362
coli	16	660	358
coli	16	675	358
coli	16	689	360
coli	16	703	372
coli	16	715	387
coli	16	725	403
coli	16	732	430
coli	16	739	444
coli	16	747	456
coli	16	754	469
coli	16	754	469
coli	16	754	469
coli	16	754	469
coli	16	754	469
coli	16	754	469
coli	17	527	528
coli	17	527	528
coli	17	533	519
coli	17	540	511
coli	17	542	497
coli	17	544	483
coli	17	548	467
coli	17	552	453
coli	17	558	438
coli	17	562	417
coli	17	570	400
coli	17	580	389
coli	17	592	381
coli	17	605	375
coli	17	619	371
coli	17	632	369
coli	17	647	370
coli	17	661	371
coli	17	675	381
coli	17	687	391
coli	17	699	405
coli	17	709	420
coli	17	717	439
coli	17	725	452
coli	17	734	459
coli	17	741	470
coli	17	749	479
coli	17	749	479
coli	17	749	479
coli	17	749	479
coli	17	749	479
coli	17	749	479
